-Line 270 640 269 626 267 613 265 600 262 588 260 575 259 560 258 546 258 531 258 516 258 501 258 486 258 466 258 451 258 435 258 419 258 404 258 389 259 374 259 359 259 343 259 326 260 312 262 299 263 285 265 271 266 257 268 244 269 229 271 215 273 201 273 186 274 172
-Line 259 560 263 549 268 537 274 527 279 516 285 505 291 494 296 484 303 473 310 462 316 452 322 442 330 431 336 421 342 411 348 400 354 391 360 381 365 370 371 360 377 348 382 338
-Line 303 473 299 462 300 448 302 435 305 423 307 410 309 397 312 385 315 373
-Line 279 516 287 508 294 500 303 493 313 485 323 478 331 471 339 464 347 457 355 449 363 441 368 431
-Line 331 471 333 458 337 447 341 436 346 424 351 414 355 403
-Line 258 435 260 422 265 412 268 400 272 389 276 376 280 364 284 351 288 340 292 326 296 312 299 299 302 287 306 274 310 261 315 250
-Line 288 340 286 326 283 313 282 298 281 284
-Line 276 376 283 368 290 360 298 352 306 345 314 338 323 332 331 325 340 318 349 311 357 304
-Line 258 466 249 460 241 453 234 445 226 436 220 427 212 420 205 410 198 401 192 392 186 383 179 373 172 365 166 356 160 347 154 338
-Line 226 436 226 421 225 407 224 392 222 379 222 364
-Line 205 410 193 407 182 401 173 395 165 388 156 382 146 376 136 371
-Line 259 359 254 349 248 340 244 329 239 319 235 307 230 296 227 284 223 272 222 258 221 244 221 229
-Line 239 319 229 314 221 307 214 299 207 290 201 281 194 273
-Line 230 296 233 284 236 272 240 261
-Line 262 588 252 583 244 575 238 566 232 557 227 547 222 537 218 526 215 514 214 499 213 485 212 470 210 457 209 443 208 429 206 416 204 403 202 390 200 377 198 364
-Line 227 547 215 544 207 537 200 528 193 520 186 512 179 504 172 496 165 488
-Line 215 514 219 503 223 492 227 480 230 468 235 458 238 446 240 433
-Line 296 312 304 304 312 297 319 289 326 281 334 272 340 263
-Line 314 338 316 325 319 312 323 301 327 289 331 278
-Line 336 421 338 408 342 397 347 387 351 376 355 365 361 355 368 347
-Line 266 257 274 250 282 243 289 235 295 226 302 216 308 207
-RadiusFactor 1.02
-TwigDensity 100
-TwigBaseLen 0.09
-Gravity 0.218391
-BaseDir 0.261146
-LeafDensity 15
-LeafSize 0.2
-IsCrossedLeaf 0
-LeafGravity 0.0114943
-LeafBaseDir 0
